0.32    -1.4210524502809836
0.64    -1.4389298924728218
0.96    -1.4570892827467414
1.28    -1.475535067752391
1.6    -1.4942717642681442
1.92    -1.5133039603073257
2.24    -1.5326363162415242
2.56    -1.5522735659418347
2.88    -1.5722205179379984
3.2    -1.5924820565958604
3.52    -1.6130631433134575
3.84    -1.633968817735802
4.16    -1.6552041989889505
4.48    -1.676774486933645
4.8    -1.698684963438339
5.12    -1.7209409936728632
5.44    -1.7435480274218857
5.76    -1.7665116004195887
6.08    -1.789837335705173
6.4    -1.8135309449995791
6.72    -1.8375982301044131
7.04    -1.8620450843222986
7.36    -1.8868774939002004
7.68    -1.9121015394951075
8.0    -1.9377233976631199
8.32    -1.9637493423717385
8.64    -1.9901857465362922
8.96    -2.0170390835804004
9.28    -2.044315929021083
9.6    -2.072022962078916
9.92    -2.100166967313703
10.24    -2.128754836285411
10.56    -2.157793569242132
10.88    -2.1872902768338682
11.200000000000001    -2.217252181854072
11.52    -2.247686621007787
11.84    -2.278601046708721
12.16    -2.310003028903544
12.48    -2.3419002569259812
12.8    -2.3743005413795077
13.120000000000001    -2.4072118160498186
13.44    -2.440642139847697
13.76    -2.4745996987823466
14.08    -2.5090928079658332
14.4    -2.5441299136492552
14.72    -2.579719595290934
15.040000000000001    -2.6158705676571787
15.36    -2.652591682956355
15.68    -2.6898919330065314
16.0    -2.727780451437049
16.32    -2.766266515925379
16.64    -2.8053595504687485
16.96    -2.845069127691628
17.28    -2.8854049711902126
17.6    -2.926376957912828
17.92    -2.9679951205789963
18.240000000000002    -3.01026965013587
18.56    -3.0532108982535706
18.88    -3.096829379860337
19.2    -3.141135775716823
19.52    -3.18614093503196
19.84    -3.2318558781191427
20.16    -3.278291799095005
20.48    -3.3254600686204268
20.8    -3.373372236685061
21.12    -3.4220400354350073
21.44    -3.4714753820460005
21.76    -3.521690381641877
22.080000000000002    -3.5726973302580274
22.400000000000002    -3.6245087178527187
22.72    -3.67713723136545
23.04    -3.7305957578236666
23.36    -3.784897387497836
23.68    -3.8400554171076835
24.0    -3.896083353077366
24.32    -3.952994914843226
24.64    -4.010804038213193
24.96    -4.069524878778767
25.28    -4.129171815382152
25.6    -4.189759453636114
25.92    -4.251302629501112
26.240000000000002    -4.313816412918218
26.560000000000002    -4.377316111498656
26.88    -4.441817274272667
27.2    -4.507335695497131
27.52    -4.573887418521942
27.84    -4.641488739720105
28.16    -4.710156212477038
28.48    -4.77990665124444
28.8    -4.850757135657261
29.12    -4.92272501471667
29.44    -4.995827911037013
29.76    -5.070083725162803
30.080000000000002    -5.145510639950016
30.400000000000002    -5.2221271250199965
30.72    -5.299951941281437
31.04    -5.379004145524217
31.36    -5.4593030950863355
31.68    -5.540868452593232
32.0    -5.623720190772911
32.32    -5.707878597346742
32.64    -5.793364279996686
32.96    -5.880198171412458
33.28    -5.968401534416138
33.6    -6.057995967169342
33.92    -6.149003408462232
34.24    -6.2414461430847314
34.56    -6.3353468072841626
34.88    -6.430728394307787
35.2    -6.527614260033014
35.52    -6.626028128686871
35.84    -6.725994098654779
36.160000000000004    -6.827536648382052
36.480000000000004    -6.930680642367596
36.800000000000004    -7.035451337251834
37.12    -7.141874388002693
37.44    -7.24997585419627
37.76    -7.3597822063988385
38.08    -7.471320332647528
38.4    -7.584617545036613
38.72    -7.6997015864023
39.04    -7.816600637118713
39.36    -7.935343321996905
39.68    -8.055958717294546
40.0    -8.178476357835644
40.32    -8.302926244243162
40.64    -8.429338850284166
40.96    -8.557745130333275
41.28    -8.688176526951311
41.6    -8.82066497858465
41.92    -8.955242927386346
42.24    -9.091943327160438
42.56    -9.230799651429548
42.88    -9.371845901634627
43.2    -9.515116615457012
43.52    -9.660646875279037
43.84    -9.808472316772091
44.160000000000004    -9.958629137624046
44.480000000000004    -10.11115410640238
44.800000000000004    -10.26608457155747
45.12    -10.42345847056834
45.44    -10.583314339233011
45.76    -10.745691321102639
46.08    -10.910629177068513
46.4    -11.078168295097205
46.72    -11.248349700120967
47.04    -11.421215064082405
47.36    -11.596806716139744
47.68    -11.775167653031064
48.0    -11.956341549603215
48.32    -12.140372769505573
48.64    -12.327306376054862
48.96    -12.517188143268635
49.28    -12.71006456707329
49.6    -12.905982876691317
49.92    -13.104991046203777
50.24    -13.3071378062994
50.56    -13.512472656206723
50.88    -13.721045875815156
51.2    -13.932908537985481
51.52    -14.148112521057547
51.84    -14.366710521553697
52.160000000000004    -14.588756067080103
52.480000000000004    -14.814303529437515
52.800000000000004    -15.043408137932216
53.120000000000005    -15.276125992900672
53.44    -15.512514079447874
53.76    -15.75263028140044
54.08    -15.996533395479466
54.4    -16.244283145698063
54.72    -16.49594019798895
55.04    -16.751566175055693
55.36    -17.011223671463554
55.68    -17.274976268967684
56.0    -17.54288855208111
56.32    -17.815026123889993
56.64    -18.091455622117408
56.96    -18.372244735441306
57.28    -18.657462220068105
57.6    -18.94717791657095
57.92    -19.241462766988576
58.24    -19.540388832199845
58.56    -19.84402930956653
58.88    -20.15245855085835
59.2    -20.465752080459204
59.52    -20.783986613859945
59.84    -21.107240076445116
60.160000000000004    -21.43559162257192
60.480000000000004    -21.769121654954887
60.800000000000004    -22.107911844353062
61.120000000000005    -22.452045149567695
61.44    -22.80160583775755
61.76    -23.156679505072702
62.08    -23.517353097613963
62.4    -23.883714932723038
62.72    -24.25585472060932
63.04    -24.633863586317567
63.36    -25.01783409203822
63.68    -25.407860259778175
64.0    -25.80403759437862
64.32000000000001    -26.20646310690558
64.64    -26.615235338396964
64.96000000000001    -27.030454384008046
65.28    -27.452221917498726
65.6    -27.880641216152974
65.92    -28.315817186054254
66.24    -28.75785638777129
66.56    -29.206867062466962
66.88    -29.662959158386975
67.2    -30.126244357789794
67.52    -30.596836104295782
67.84    -31.074849630659834
68.16    -31.560401986993064
68.48    -32.053612069425746
68.8    -32.55460064921079
69.12    -33.063490402317136
69.44    -33.580405939441654
69.76    -34.10547383655112
70.08    -34.638822665849084
70.4    -35.18058302728809
70.72    -35.73088758051673
71.04    -36.289871077397656
71.36    -36.85767039496999
71.68    -37.434424569002594
72.0    -38.020274827999906
72.32000000000001    -38.61536462782387
72.64    -39.21983968678338
72.96000000000001    -39.83384802135502
73.28    -40.457539982385576
73.60000000000001    -41.091068291952176
73.92    -41.73458808071549
74.24    -42.388256925946926
74.56    -43.05223489008197
74.88    -43.72668455992615
75.2    -44.41177108648309
75.52    -45.10766222536025
75.84    -45.81452837788516
76.16    -46.5325426327937
76.48    -47.261880808654105
76.8    -48.00272149687542
77.12    -48.75524610548259
77.44    -49.519638903497004
77.76    -50.2960870660957
78.08    -51.08478072040908
78.4    -51.88591299210797
78.72    -52.69968005266575
79.04    -53.52628116742762
79.36    -54.3659187443613
79.68    -55.21879838366784
80.0    -56.08512892808162
